0,541
0,540
0,539
0,319
0,538
0,537
0,536
0,535
42,99
42,98
0,534
0,533
0,384
0,442
42,97
42,96
0,532
42,95
42,94
42,93
42,92
42,91
42,90
42,89
42,88
42,87
42,86
42,85
42,84
42,83
42,82
42,81
42,80
42,79
42,78
42,77
42,76
42,75
42,15
0,531
42,74
42,73
42,72
42,71
42,70
42,69
0,530
42,14
42,13
42,12
42,11
42,10
42,9
42,6
0,529
42,68
0,399
0,243
0,528
0,527
0,526
0,525
0,524
0,474
44,7
33,5
40,7
40,4
44,6
44,4
53,35
3,2
3,1
3,3
10,162
10,290
10,120
10,260
10,200
10,124
44,12
44,11
44,10
44,9
44,8
10,220
44,5
44,3
44,1
10,212
10,2
10,3
11,6
11,18
43,4
43,3
43,1
42,67
42,66
42,65
9,7
9,4
9,6
9,2
9,3
42,64
42,37
42,36
42,35
42,34
42,33
42,32
42,31
42,30
42,29
42,28
42,27
42,26
42,25
42,24
42,23
42,22
42,21
42,20
42,19
42,18
42,17
42,16
42,8
42,7
42,5
8,14
8,4
8,15
8,5
8,8
